{
 "cells": [
  {
   "cell_type": "code",
   "execution_count": 1,
   "id": "03c92830",
   "metadata": {},
   "outputs": [],
   "source": [
    "import outp_parser\n",
    "import json"
   ]
  },
  {
   "cell_type": "markdown",
   "id": "302bcdb2",
   "metadata": {},
   "source": [
    "### Tally Parsing and Saving Example"
   ]
  },
  {
   "cell_type": "code",
   "execution_count": 5,
   "id": "f0176660",
   "metadata": {},
   "outputs": [
    {
     "data": {
      "text/plain": [
       "[[20.0,\n",
       "  6.434,\n",
       "  4.304,\n",
       "  3.0,\n",
       "  1.85,\n",
       "  1.5,\n",
       "  1.2,\n",
       "  0.8611,\n",
       "  0.75,\n",
       "  0.6,\n",
       "  0.47,\n",
       "  0.33,\n",
       "  0.27,\n",
       "  0.2,\n",
       "  0.05,\n",
       "  0.02,\n",
       "  0.017,\n",
       "  0.00374,\n",
       "  0.00225,\n",
       "  0.0001915,\n",
       "  0.0001877,\n",
       "  0.0001175,\n",
       "  0.000116,\n",
       "  0.000105,\n",
       "  0.0001012,\n",
       "  6.75e-05,\n",
       "  6.5e-05,\n",
       "  3.713e-05,\n",
       "  3.6e-05,\n",
       "  2.175e-05,\n",
       "  2.12e-05,\n",
       "  2.05e-05,\n",
       "  7e-06,\n",
       "  6.875e-06,\n",
       "  6.5e-06,\n",
       "  6.25e-06,\n",
       "  5e-06,\n",
       "  1.13e-06,\n",
       "  1.08e-06,\n",
       "  1.01e-06,\n",
       "  6.25e-07,\n",
       "  4.5e-07,\n",
       "  3.75e-07,\n",
       "  3.5e-07,\n",
       "  3.25e-07,\n",
       "  2.5e-07,\n",
       "  2e-07,\n",
       "  1.5e-07,\n",
       "  1e-07,\n",
       "  8e-08,\n",
       "  6e-08,\n",
       "  5e-08,\n",
       "  4e-08,\n",
       "  2.53e-08,\n",
       "  1e-08,\n",
       "  4e-09,\n",
       "  1e-11],\n",
       " [6.20595e-05,\n",
       "  0.000221995,\n",
       "  0.000403066,\n",
       "  0.000781542,\n",
       "  0.0003465,\n",
       "  0.000358204,\n",
       "  0.000457929,\n",
       "  0.00020404,\n",
       "  0.000291654,\n",
       "  0.000262472,\n",
       "  0.000303122,\n",
       "  0.000161084,\n",
       "  0.000204052,\n",
       "  0.000661394,\n",
       "  0.000307537,\n",
       "  5.02355e-05,\n",
       "  0.000430194,\n",
       "  0.000137404,\n",
       "  0.000638476,\n",
       "  4.3492e-06,\n",
       "  0.000117143,\n",
       "  2.56036e-06,\n",
       "  2.5074e-05,\n",
       "  8.17041e-06,\n",
       "  9.90313e-05,\n",
       "  8.40235e-06,\n",
       "  0.00013472,\n",
       "  5.38126e-06,\n",
       "  0.000119146,\n",
       "  5.70478e-06,\n",
       "  4.50408e-06,\n",
       "  0.000244141,\n",
       "  3.91189e-06,\n",
       "  6.44562e-06,\n",
       "  7.50582e-06,\n",
       "  4.92792e-05,\n",
       "  0.000336415,\n",
       "  1.0281e-05,\n",
       "  1.54169e-05,\n",
       "  0.000114821,\n",
       "  8.18277e-05,\n",
       "  4.57938e-05,\n",
       "  1.74301e-05,\n",
       "  1.86136e-05,\n",
       "  6.72793e-05,\n",
       "  6.39567e-05,\n",
       "  0.000107334,\n",
       "  0.000242034,\n",
       "  0.000187772,\n",
       "  0.000277827,\n",
       "  0.000179991,\n",
       "  0.000204437,\n",
       "  0.000322713,\n",
       "  0.000286419,\n",
       "  6.02335e-05,\n",
       "  1.17768e-05,\n",
       "  0.0],\n",
       " [0.0077,\n",
       "  0.0039,\n",
       "  0.003,\n",
       "  0.0021,\n",
       "  0.0032,\n",
       "  0.0031,\n",
       "  0.0028,\n",
       "  0.0038,\n",
       "  0.0033,\n",
       "  0.0035,\n",
       "  0.0032,\n",
       "  0.0042,\n",
       "  0.0037,\n",
       "  0.0021,\n",
       "  0.003,\n",
       "  0.0076,\n",
       "  0.0025,\n",
       "  0.0043,\n",
       "  0.0021,\n",
       "  0.0247,\n",
       "  0.0047,\n",
       "  0.0265,\n",
       "  0.0096,\n",
       "  0.0163,\n",
       "  0.005,\n",
       "  0.0155,\n",
       "  0.0044,\n",
       "  0.0172,\n",
       "  0.0048,\n",
       "  0.0175,\n",
       "  0.0163,\n",
       "  0.0032,\n",
       "  0.0224,\n",
       "  0.0145,\n",
       "  0.0148,\n",
       "  0.0068,\n",
       "  0.0028,\n",
       "  0.0139,\n",
       "  0.0117,\n",
       "  0.0047,\n",
       "  0.0054,\n",
       "  0.0068,\n",
       "  0.0113,\n",
       "  0.0107,\n",
       "  0.0054,\n",
       "  0.0057,\n",
       "  0.0044,\n",
       "  0.0029,\n",
       "  0.0031,\n",
       "  0.0025,\n",
       "  0.003,\n",
       "  0.0028,\n",
       "  0.0023,\n",
       "  0.0025,\n",
       "  0.0047,\n",
       "  0.0092,\n",
       "  0.0]]"
      ]
     },
     "execution_count": 5,
     "metadata": {},
     "output_type": "execute_result"
    }
   ],
   "source": [
    "# Find file.\n",
    "outp_path = \"c100w_plateflux_production_09052025.outp\"\n",
    "# Make a tallies dictionary from output.\n",
    "tally_dict = outp_parser.get_tallies(outp_path)\n",
    "# Check to make sure the first key can be accessed.\n",
    "tally_dict['Assembly MTR-F-001, Element #1']"
   ]
  },
  {
   "cell_type": "code",
   "execution_count": 7,
   "id": "f99e5e63",
   "metadata": {},
   "outputs": [],
   "source": [
    "# Produce desired filepath to JSON file.\n",
    "json_path = \"c100w_plateflux_production_09052025.outp\"\n",
    "# Dump the dictionary to the JSON file.\n",
    "with open(json_path, 'w') as f:\n",
    "    json.dump(tally_dict, f)"
   ]
  },
  {
   "cell_type": "markdown",
   "id": "08b09fa5",
   "metadata": {},
   "source": [
    "### Tally Loading"
   ]
  },
  {
   "cell_type": "code",
   "execution_count": 8,
   "id": "f0fca210",
   "metadata": {},
   "outputs": [
    {
     "data": {
      "text/plain": [
       "[[20.0,\n",
       "  6.434,\n",
       "  4.304,\n",
       "  3.0,\n",
       "  1.85,\n",
       "  1.5,\n",
       "  1.2,\n",
       "  0.8611,\n",
       "  0.75,\n",
       "  0.6,\n",
       "  0.47,\n",
       "  0.33,\n",
       "  0.27,\n",
       "  0.2,\n",
       "  0.05,\n",
       "  0.02,\n",
       "  0.017,\n",
       "  0.00374,\n",
       "  0.00225,\n",
       "  0.0001915,\n",
       "  0.0001877,\n",
       "  0.0001175,\n",
       "  0.000116,\n",
       "  0.000105,\n",
       "  0.0001012,\n",
       "  6.75e-05,\n",
       "  6.5e-05,\n",
       "  3.713e-05,\n",
       "  3.6e-05,\n",
       "  2.175e-05,\n",
       "  2.12e-05,\n",
       "  2.05e-05,\n",
       "  7e-06,\n",
       "  6.875e-06,\n",
       "  6.5e-06,\n",
       "  6.25e-06,\n",
       "  5e-06,\n",
       "  1.13e-06,\n",
       "  1.08e-06,\n",
       "  1.01e-06,\n",
       "  6.25e-07,\n",
       "  4.5e-07,\n",
       "  3.75e-07,\n",
       "  3.5e-07,\n",
       "  3.25e-07,\n",
       "  2.5e-07,\n",
       "  2e-07,\n",
       "  1.5e-07,\n",
       "  1e-07,\n",
       "  8e-08,\n",
       "  6e-08,\n",
       "  5e-08,\n",
       "  4e-08,\n",
       "  2.53e-08,\n",
       "  1e-08,\n",
       "  4e-09,\n",
       "  1e-11],\n",
       " [6.20595e-05,\n",
       "  0.000221995,\n",
       "  0.000403066,\n",
       "  0.000781542,\n",
       "  0.0003465,\n",
       "  0.000358204,\n",
       "  0.000457929,\n",
       "  0.00020404,\n",
       "  0.000291654,\n",
       "  0.000262472,\n",
       "  0.000303122,\n",
       "  0.000161084,\n",
       "  0.000204052,\n",
       "  0.000661394,\n",
       "  0.000307537,\n",
       "  5.02355e-05,\n",
       "  0.000430194,\n",
       "  0.000137404,\n",
       "  0.000638476,\n",
       "  4.3492e-06,\n",
       "  0.000117143,\n",
       "  2.56036e-06,\n",
       "  2.5074e-05,\n",
       "  8.17041e-06,\n",
       "  9.90313e-05,\n",
       "  8.40235e-06,\n",
       "  0.00013472,\n",
       "  5.38126e-06,\n",
       "  0.000119146,\n",
       "  5.70478e-06,\n",
       "  4.50408e-06,\n",
       "  0.000244141,\n",
       "  3.91189e-06,\n",
       "  6.44562e-06,\n",
       "  7.50582e-06,\n",
       "  4.92792e-05,\n",
       "  0.000336415,\n",
       "  1.0281e-05,\n",
       "  1.54169e-05,\n",
       "  0.000114821,\n",
       "  8.18277e-05,\n",
       "  4.57938e-05,\n",
       "  1.74301e-05,\n",
       "  1.86136e-05,\n",
       "  6.72793e-05,\n",
       "  6.39567e-05,\n",
       "  0.000107334,\n",
       "  0.000242034,\n",
       "  0.000187772,\n",
       "  0.000277827,\n",
       "  0.000179991,\n",
       "  0.000204437,\n",
       "  0.000322713,\n",
       "  0.000286419,\n",
       "  6.02335e-05,\n",
       "  1.17768e-05,\n",
       "  0.0],\n",
       " [0.0077,\n",
       "  0.0039,\n",
       "  0.003,\n",
       "  0.0021,\n",
       "  0.0032,\n",
       "  0.0031,\n",
       "  0.0028,\n",
       "  0.0038,\n",
       "  0.0033,\n",
       "  0.0035,\n",
       "  0.0032,\n",
       "  0.0042,\n",
       "  0.0037,\n",
       "  0.0021,\n",
       "  0.003,\n",
       "  0.0076,\n",
       "  0.0025,\n",
       "  0.0043,\n",
       "  0.0021,\n",
       "  0.0247,\n",
       "  0.0047,\n",
       "  0.0265,\n",
       "  0.0096,\n",
       "  0.0163,\n",
       "  0.005,\n",
       "  0.0155,\n",
       "  0.0044,\n",
       "  0.0172,\n",
       "  0.0048,\n",
       "  0.0175,\n",
       "  0.0163,\n",
       "  0.0032,\n",
       "  0.0224,\n",
       "  0.0145,\n",
       "  0.0148,\n",
       "  0.0068,\n",
       "  0.0028,\n",
       "  0.0139,\n",
       "  0.0117,\n",
       "  0.0047,\n",
       "  0.0054,\n",
       "  0.0068,\n",
       "  0.0113,\n",
       "  0.0107,\n",
       "  0.0054,\n",
       "  0.0057,\n",
       "  0.0044,\n",
       "  0.0029,\n",
       "  0.0031,\n",
       "  0.0025,\n",
       "  0.003,\n",
       "  0.0028,\n",
       "  0.0023,\n",
       "  0.0025,\n",
       "  0.0047,\n",
       "  0.0092,\n",
       "  0.0]]"
      ]
     },
     "execution_count": 8,
     "metadata": {},
     "output_type": "execute_result"
    }
   ],
   "source": [
    "# Load the JSON file.\n",
    "with open(json_path, 'r') as jsonfile:\n",
    "    loaded_tallies = json.load(jsonfile)\n",
    "# Check to see if the first key is present.\n",
    "loaded_tallies['Assembly MTR-F-001, Element #1']"
   ]
  },
  {
   "cell_type": "code",
   "execution_count": 9,
   "id": "a92d8d20",
   "metadata": {},
   "outputs": [
    {
     "data": {
      "text/html": [
       "<div>\n",
       "<style scoped>\n",
       "    .dataframe tbody tr th:only-of-type {\n",
       "        vertical-align: middle;\n",
       "    }\n",
       "\n",
       "    .dataframe tbody tr th {\n",
       "        vertical-align: top;\n",
       "    }\n",
       "\n",
       "    .dataframe thead th {\n",
       "        text-align: right;\n",
       "    }\n",
       "</style>\n",
       "<table border=\"1\" class=\"dataframe\">\n",
       "  <thead>\n",
       "    <tr style=\"text-align: right;\">\n",
       "      <th></th>\n",
       "      <th>energy</th>\n",
       "      <th>flux</th>\n",
       "      <th>std</th>\n",
       "    </tr>\n",
       "  </thead>\n",
       "  <tbody>\n",
       "    <tr>\n",
       "      <th>0</th>\n",
       "      <td>2.000000e+01</td>\n",
       "      <td>0.000062</td>\n",
       "      <td>0.0077</td>\n",
       "    </tr>\n",
       "    <tr>\n",
       "      <th>1</th>\n",
       "      <td>6.434000e+00</td>\n",
       "      <td>0.000222</td>\n",
       "      <td>0.0039</td>\n",
       "    </tr>\n",
       "    <tr>\n",
       "      <th>2</th>\n",
       "      <td>4.304000e+00</td>\n",
       "      <td>0.000403</td>\n",
       "      <td>0.0030</td>\n",
       "    </tr>\n",
       "    <tr>\n",
       "      <th>3</th>\n",
       "      <td>3.000000e+00</td>\n",
       "      <td>0.000782</td>\n",
       "      <td>0.0021</td>\n",
       "    </tr>\n",
       "    <tr>\n",
       "      <th>4</th>\n",
       "      <td>1.850000e+00</td>\n",
       "      <td>0.000347</td>\n",
       "      <td>0.0032</td>\n",
       "    </tr>\n",
       "    <tr>\n",
       "      <th>5</th>\n",
       "      <td>1.500000e+00</td>\n",
       "      <td>0.000358</td>\n",
       "      <td>0.0031</td>\n",
       "    </tr>\n",
       "    <tr>\n",
       "      <th>6</th>\n",
       "      <td>1.200000e+00</td>\n",
       "      <td>0.000458</td>\n",
       "      <td>0.0028</td>\n",
       "    </tr>\n",
       "    <tr>\n",
       "      <th>7</th>\n",
       "      <td>8.611000e-01</td>\n",
       "      <td>0.000204</td>\n",
       "      <td>0.0038</td>\n",
       "    </tr>\n",
       "    <tr>\n",
       "      <th>8</th>\n",
       "      <td>7.500000e-01</td>\n",
       "      <td>0.000292</td>\n",
       "      <td>0.0033</td>\n",
       "    </tr>\n",
       "    <tr>\n",
       "      <th>9</th>\n",
       "      <td>6.000000e-01</td>\n",
       "      <td>0.000262</td>\n",
       "      <td>0.0035</td>\n",
       "    </tr>\n",
       "    <tr>\n",
       "      <th>10</th>\n",
       "      <td>4.700000e-01</td>\n",
       "      <td>0.000303</td>\n",
       "      <td>0.0032</td>\n",
       "    </tr>\n",
       "    <tr>\n",
       "      <th>11</th>\n",
       "      <td>3.300000e-01</td>\n",
       "      <td>0.000161</td>\n",
       "      <td>0.0042</td>\n",
       "    </tr>\n",
       "    <tr>\n",
       "      <th>12</th>\n",
       "      <td>2.700000e-01</td>\n",
       "      <td>0.000204</td>\n",
       "      <td>0.0037</td>\n",
       "    </tr>\n",
       "    <tr>\n",
       "      <th>13</th>\n",
       "      <td>2.000000e-01</td>\n",
       "      <td>0.000661</td>\n",
       "      <td>0.0021</td>\n",
       "    </tr>\n",
       "    <tr>\n",
       "      <th>14</th>\n",
       "      <td>5.000000e-02</td>\n",
       "      <td>0.000308</td>\n",
       "      <td>0.0030</td>\n",
       "    </tr>\n",
       "    <tr>\n",
       "      <th>15</th>\n",
       "      <td>2.000000e-02</td>\n",
       "      <td>0.000050</td>\n",
       "      <td>0.0076</td>\n",
       "    </tr>\n",
       "    <tr>\n",
       "      <th>16</th>\n",
       "      <td>1.700000e-02</td>\n",
       "      <td>0.000430</td>\n",
       "      <td>0.0025</td>\n",
       "    </tr>\n",
       "    <tr>\n",
       "      <th>17</th>\n",
       "      <td>3.740000e-03</td>\n",
       "      <td>0.000137</td>\n",
       "      <td>0.0043</td>\n",
       "    </tr>\n",
       "    <tr>\n",
       "      <th>18</th>\n",
       "      <td>2.250000e-03</td>\n",
       "      <td>0.000638</td>\n",
       "      <td>0.0021</td>\n",
       "    </tr>\n",
       "    <tr>\n",
       "      <th>19</th>\n",
       "      <td>1.915000e-04</td>\n",
       "      <td>0.000004</td>\n",
       "      <td>0.0247</td>\n",
       "    </tr>\n",
       "    <tr>\n",
       "      <th>20</th>\n",
       "      <td>1.877000e-04</td>\n",
       "      <td>0.000117</td>\n",
       "      <td>0.0047</td>\n",
       "    </tr>\n",
       "    <tr>\n",
       "      <th>21</th>\n",
       "      <td>1.175000e-04</td>\n",
       "      <td>0.000003</td>\n",
       "      <td>0.0265</td>\n",
       "    </tr>\n",
       "    <tr>\n",
       "      <th>22</th>\n",
       "      <td>1.160000e-04</td>\n",
       "      <td>0.000025</td>\n",
       "      <td>0.0096</td>\n",
       "    </tr>\n",
       "    <tr>\n",
       "      <th>23</th>\n",
       "      <td>1.050000e-04</td>\n",
       "      <td>0.000008</td>\n",
       "      <td>0.0163</td>\n",
       "    </tr>\n",
       "    <tr>\n",
       "      <th>24</th>\n",
       "      <td>1.012000e-04</td>\n",
       "      <td>0.000099</td>\n",
       "      <td>0.0050</td>\n",
       "    </tr>\n",
       "    <tr>\n",
       "      <th>25</th>\n",
       "      <td>6.750000e-05</td>\n",
       "      <td>0.000008</td>\n",
       "      <td>0.0155</td>\n",
       "    </tr>\n",
       "    <tr>\n",
       "      <th>26</th>\n",
       "      <td>6.500000e-05</td>\n",
       "      <td>0.000135</td>\n",
       "      <td>0.0044</td>\n",
       "    </tr>\n",
       "    <tr>\n",
       "      <th>27</th>\n",
       "      <td>3.713000e-05</td>\n",
       "      <td>0.000005</td>\n",
       "      <td>0.0172</td>\n",
       "    </tr>\n",
       "    <tr>\n",
       "      <th>28</th>\n",
       "      <td>3.600000e-05</td>\n",
       "      <td>0.000119</td>\n",
       "      <td>0.0048</td>\n",
       "    </tr>\n",
       "    <tr>\n",
       "      <th>29</th>\n",
       "      <td>2.175000e-05</td>\n",
       "      <td>0.000006</td>\n",
       "      <td>0.0175</td>\n",
       "    </tr>\n",
       "    <tr>\n",
       "      <th>30</th>\n",
       "      <td>2.120000e-05</td>\n",
       "      <td>0.000005</td>\n",
       "      <td>0.0163</td>\n",
       "    </tr>\n",
       "    <tr>\n",
       "      <th>31</th>\n",
       "      <td>2.050000e-05</td>\n",
       "      <td>0.000244</td>\n",
       "      <td>0.0032</td>\n",
       "    </tr>\n",
       "    <tr>\n",
       "      <th>32</th>\n",
       "      <td>7.000000e-06</td>\n",
       "      <td>0.000004</td>\n",
       "      <td>0.0224</td>\n",
       "    </tr>\n",
       "    <tr>\n",
       "      <th>33</th>\n",
       "      <td>6.875000e-06</td>\n",
       "      <td>0.000006</td>\n",
       "      <td>0.0145</td>\n",
       "    </tr>\n",
       "    <tr>\n",
       "      <th>34</th>\n",
       "      <td>6.500000e-06</td>\n",
       "      <td>0.000008</td>\n",
       "      <td>0.0148</td>\n",
       "    </tr>\n",
       "    <tr>\n",
       "      <th>35</th>\n",
       "      <td>6.250000e-06</td>\n",
       "      <td>0.000049</td>\n",
       "      <td>0.0068</td>\n",
       "    </tr>\n",
       "    <tr>\n",
       "      <th>36</th>\n",
       "      <td>5.000000e-06</td>\n",
       "      <td>0.000336</td>\n",
       "      <td>0.0028</td>\n",
       "    </tr>\n",
       "    <tr>\n",
       "      <th>37</th>\n",
       "      <td>1.130000e-06</td>\n",
       "      <td>0.000010</td>\n",
       "      <td>0.0139</td>\n",
       "    </tr>\n",
       "    <tr>\n",
       "      <th>38</th>\n",
       "      <td>1.080000e-06</td>\n",
       "      <td>0.000015</td>\n",
       "      <td>0.0117</td>\n",
       "    </tr>\n",
       "    <tr>\n",
       "      <th>39</th>\n",
       "      <td>1.010000e-06</td>\n",
       "      <td>0.000115</td>\n",
       "      <td>0.0047</td>\n",
       "    </tr>\n",
       "    <tr>\n",
       "      <th>40</th>\n",
       "      <td>6.250000e-07</td>\n",
       "      <td>0.000082</td>\n",
       "      <td>0.0054</td>\n",
       "    </tr>\n",
       "    <tr>\n",
       "      <th>41</th>\n",
       "      <td>4.500000e-07</td>\n",
       "      <td>0.000046</td>\n",
       "      <td>0.0068</td>\n",
       "    </tr>\n",
       "    <tr>\n",
       "      <th>42</th>\n",
       "      <td>3.750000e-07</td>\n",
       "      <td>0.000017</td>\n",
       "      <td>0.0113</td>\n",
       "    </tr>\n",
       "    <tr>\n",
       "      <th>43</th>\n",
       "      <td>3.500000e-07</td>\n",
       "      <td>0.000019</td>\n",
       "      <td>0.0107</td>\n",
       "    </tr>\n",
       "    <tr>\n",
       "      <th>44</th>\n",
       "      <td>3.250000e-07</td>\n",
       "      <td>0.000067</td>\n",
       "      <td>0.0054</td>\n",
       "    </tr>\n",
       "    <tr>\n",
       "      <th>45</th>\n",
       "      <td>2.500000e-07</td>\n",
       "      <td>0.000064</td>\n",
       "      <td>0.0057</td>\n",
       "    </tr>\n",
       "    <tr>\n",
       "      <th>46</th>\n",
       "      <td>2.000000e-07</td>\n",
       "      <td>0.000107</td>\n",
       "      <td>0.0044</td>\n",
       "    </tr>\n",
       "    <tr>\n",
       "      <th>47</th>\n",
       "      <td>1.500000e-07</td>\n",
       "      <td>0.000242</td>\n",
       "      <td>0.0029</td>\n",
       "    </tr>\n",
       "    <tr>\n",
       "      <th>48</th>\n",
       "      <td>1.000000e-07</td>\n",
       "      <td>0.000188</td>\n",
       "      <td>0.0031</td>\n",
       "    </tr>\n",
       "    <tr>\n",
       "      <th>49</th>\n",
       "      <td>8.000000e-08</td>\n",
       "      <td>0.000278</td>\n",
       "      <td>0.0025</td>\n",
       "    </tr>\n",
       "    <tr>\n",
       "      <th>50</th>\n",
       "      <td>6.000000e-08</td>\n",
       "      <td>0.000180</td>\n",
       "      <td>0.0030</td>\n",
       "    </tr>\n",
       "    <tr>\n",
       "      <th>51</th>\n",
       "      <td>5.000000e-08</td>\n",
       "      <td>0.000204</td>\n",
       "      <td>0.0028</td>\n",
       "    </tr>\n",
       "    <tr>\n",
       "      <th>52</th>\n",
       "      <td>4.000000e-08</td>\n",
       "      <td>0.000323</td>\n",
       "      <td>0.0023</td>\n",
       "    </tr>\n",
       "    <tr>\n",
       "      <th>53</th>\n",
       "      <td>2.530000e-08</td>\n",
       "      <td>0.000286</td>\n",
       "      <td>0.0025</td>\n",
       "    </tr>\n",
       "    <tr>\n",
       "      <th>54</th>\n",
       "      <td>1.000000e-08</td>\n",
       "      <td>0.000060</td>\n",
       "      <td>0.0047</td>\n",
       "    </tr>\n",
       "    <tr>\n",
       "      <th>55</th>\n",
       "      <td>4.000000e-09</td>\n",
       "      <td>0.000012</td>\n",
       "      <td>0.0092</td>\n",
       "    </tr>\n",
       "    <tr>\n",
       "      <th>56</th>\n",
       "      <td>1.000000e-11</td>\n",
       "      <td>0.000000</td>\n",
       "      <td>0.0000</td>\n",
       "    </tr>\n",
       "  </tbody>\n",
       "</table>\n",
       "</div>"
      ],
      "text/plain": [
       "          energy      flux     std\n",
       "0   2.000000e+01  0.000062  0.0077\n",
       "1   6.434000e+00  0.000222  0.0039\n",
       "2   4.304000e+00  0.000403  0.0030\n",
       "3   3.000000e+00  0.000782  0.0021\n",
       "4   1.850000e+00  0.000347  0.0032\n",
       "5   1.500000e+00  0.000358  0.0031\n",
       "6   1.200000e+00  0.000458  0.0028\n",
       "7   8.611000e-01  0.000204  0.0038\n",
       "8   7.500000e-01  0.000292  0.0033\n",
       "9   6.000000e-01  0.000262  0.0035\n",
       "10  4.700000e-01  0.000303  0.0032\n",
       "11  3.300000e-01  0.000161  0.0042\n",
       "12  2.700000e-01  0.000204  0.0037\n",
       "13  2.000000e-01  0.000661  0.0021\n",
       "14  5.000000e-02  0.000308  0.0030\n",
       "15  2.000000e-02  0.000050  0.0076\n",
       "16  1.700000e-02  0.000430  0.0025\n",
       "17  3.740000e-03  0.000137  0.0043\n",
       "18  2.250000e-03  0.000638  0.0021\n",
       "19  1.915000e-04  0.000004  0.0247\n",
       "20  1.877000e-04  0.000117  0.0047\n",
       "21  1.175000e-04  0.000003  0.0265\n",
       "22  1.160000e-04  0.000025  0.0096\n",
       "23  1.050000e-04  0.000008  0.0163\n",
       "24  1.012000e-04  0.000099  0.0050\n",
       "25  6.750000e-05  0.000008  0.0155\n",
       "26  6.500000e-05  0.000135  0.0044\n",
       "27  3.713000e-05  0.000005  0.0172\n",
       "28  3.600000e-05  0.000119  0.0048\n",
       "29  2.175000e-05  0.000006  0.0175\n",
       "30  2.120000e-05  0.000005  0.0163\n",
       "31  2.050000e-05  0.000244  0.0032\n",
       "32  7.000000e-06  0.000004  0.0224\n",
       "33  6.875000e-06  0.000006  0.0145\n",
       "34  6.500000e-06  0.000008  0.0148\n",
       "35  6.250000e-06  0.000049  0.0068\n",
       "36  5.000000e-06  0.000336  0.0028\n",
       "37  1.130000e-06  0.000010  0.0139\n",
       "38  1.080000e-06  0.000015  0.0117\n",
       "39  1.010000e-06  0.000115  0.0047\n",
       "40  6.250000e-07  0.000082  0.0054\n",
       "41  4.500000e-07  0.000046  0.0068\n",
       "42  3.750000e-07  0.000017  0.0113\n",
       "43  3.500000e-07  0.000019  0.0107\n",
       "44  3.250000e-07  0.000067  0.0054\n",
       "45  2.500000e-07  0.000064  0.0057\n",
       "46  2.000000e-07  0.000107  0.0044\n",
       "47  1.500000e-07  0.000242  0.0029\n",
       "48  1.000000e-07  0.000188  0.0031\n",
       "49  8.000000e-08  0.000278  0.0025\n",
       "50  6.000000e-08  0.000180  0.0030\n",
       "51  5.000000e-08  0.000204  0.0028\n",
       "52  4.000000e-08  0.000323  0.0023\n",
       "53  2.530000e-08  0.000286  0.0025\n",
       "54  1.000000e-08  0.000060  0.0047\n",
       "55  4.000000e-09  0.000012  0.0092\n",
       "56  1.000000e-11  0.000000  0.0000"
      ]
     },
     "execution_count": 9,
     "metadata": {},
     "output_type": "execute_result"
    }
   ],
   "source": [
    "# Load the tallies dictionary as DataFrames.\n",
    "tally_dfs = outp_parser.conv_tallies(loaded_tallies)\n",
    "# Check if the first key is a DataFrame now.\n",
    "tally_dfs['Assembly MTR-F-001, Element #1']"
   ]
  },
  {
   "cell_type": "markdown",
   "id": "096c7655",
   "metadata": {},
   "source": [
    "### Handling"
   ]
  },
  {
   "cell_type": "code",
   "execution_count": 10,
   "id": "265c6ca4",
   "metadata": {},
   "outputs": [
    {
     "data": {
      "text/plain": [
       "dict_keys(['Assembly MTR-F-001, Element #1', 'Assembly MTR-F-001, Element #2', 'Assembly MTR-F-001, Element #3', 'Assembly MTR-F-001, Element #4', 'Assembly MTR-F-001, Element #5', 'Assembly MTR-F-001, Element #6', 'Assembly MTR-F-001, Element #7', 'Assembly MTR-F-001, Element #8', 'Assembly MTR-F-001, Element #9', 'Assembly MTR-F-001, Element #10', 'Assembly MTR-F-001, Element #11', 'Assembly MTR-F-001, Element #12', 'Assembly MTR-F-001, Element #13', 'Assembly MTR-F-001, Element #14', 'Assembly MTR-F-001, Element #15', 'Assembly MTR-F-001, Element #16', 'Assembly MTR-F-001, Element #17', 'Assembly MTR-F-001, Element #18', 'Assembly MTR-F-002, Element #1', 'Assembly MTR-F-002, Element #2', 'Assembly MTR-F-002, Element #3', 'Assembly MTR-F-002, Element #4', 'Assembly MTR-F-002, Element #5', 'Assembly MTR-F-002, Element #6', 'Assembly MTR-F-002, Element #7', 'Assembly MTR-F-002, Element #8', 'Assembly MTR-F-002, Element #9', 'Assembly MTR-F-002, Element #10', 'Assembly MTR-F-002, Element #11', 'Assembly MTR-F-002, Element #12', 'Assembly MTR-F-002, Element #13', 'Assembly MTR-F-002, Element #14', 'Assembly MTR-F-002, Element #15', 'Assembly MTR-F-002, Element #16', 'Assembly MTR-F-002, Element #17', 'Assembly MTR-F-002, Element #18', 'Assembly MTR-F-003, Element #1', 'Assembly MTR-F-003, Element #2', 'Assembly MTR-F-003, Element #3', 'Assembly MTR-F-003, Element #4', 'Assembly MTR-F-003, Element #5', 'Assembly MTR-F-003, Element #6', 'Assembly MTR-F-003, Element #7', 'Assembly MTR-F-003, Element #8', 'Assembly MTR-F-003, Element #9', 'Assembly MTR-F-003, Element #10', 'Assembly MTR-F-003, Element #11', 'Assembly MTR-F-003, Element #12', 'Assembly MTR-F-003, Element #13', 'Assembly MTR-F-003, Element #14', 'Assembly MTR-F-003, Element #15', 'Assembly MTR-F-003, Element #16', 'Assembly MTR-F-003, Element #17', 'Assembly MTR-F-003, Element #18', 'Assembly MTR-F-004, Element #1', 'Assembly MTR-F-004, Element #2', 'Assembly MTR-F-004, Element #3', 'Assembly MTR-F-004, Element #4', 'Assembly MTR-F-004, Element #5', 'Assembly MTR-F-004, Element #6', 'Assembly MTR-F-004, Element #7', 'Assembly MTR-F-004, Element #8', 'Assembly MTR-F-004, Element #9', 'Assembly MTR-F-004, Element #10', 'Assembly MTR-F-004, Element #11', 'Assembly MTR-F-004, Element #12', 'Assembly MTR-F-004, Element #13', 'Assembly MTR-F-004, Element #14', 'Assembly MTR-F-004, Element #15', 'Assembly MTR-F-004, Element #16', 'Assembly MTR-F-004, Element #17', 'Assembly MTR-F-004, Element #18', 'Assembly MTR-F-005, Element #1', 'Assembly MTR-F-005, Element #2', 'Assembly MTR-F-005, Element #3', 'Assembly MTR-F-005, Element #4', 'Assembly MTR-F-005, Element #5', 'Assembly MTR-F-005, Element #6', 'Assembly MTR-F-005, Element #7', 'Assembly MTR-F-005, Element #8', 'Assembly MTR-F-005, Element #9', 'Assembly MTR-F-005, Element #10', 'Assembly MTR-F-005, Element #11', 'Assembly MTR-F-005, Element #12', 'Assembly MTR-F-005, Element #13', 'Assembly MTR-F-005, Element #14', 'Assembly MTR-F-005, Element #15', 'Assembly MTR-F-005, Element #16', 'Assembly MTR-F-005, Element #17', 'Assembly MTR-F-005, Element #18', 'Assembly MTR-F-006, Element #1', 'Assembly MTR-F-006, Element #2', 'Assembly MTR-F-006, Element #3', 'Assembly MTR-F-006, Element #4', 'Assembly MTR-F-006, Element #5', 'Assembly MTR-F-006, Element #6', 'Assembly MTR-F-006, Element #7', 'Assembly MTR-F-006, Element #8', 'Assembly MTR-F-006, Element #9', 'Assembly MTR-F-006, Element #10', 'Assembly MTR-F-006, Element #11', 'Assembly MTR-F-006, Element #12', 'Assembly MTR-F-006, Element #13', 'Assembly MTR-F-006, Element #14', 'Assembly MTR-F-006, Element #15', 'Assembly MTR-F-006, Element #16', 'Assembly MTR-F-006, Element #17', 'Assembly MTR-F-006, Element #18', 'Assembly MTR-F-007, Element #1', 'Assembly MTR-F-007, Element #2', 'Assembly MTR-F-007, Element #3', 'Assembly MTR-F-007, Element #4', 'Assembly MTR-F-007, Element #5', 'Assembly MTR-F-007, Element #6', 'Assembly MTR-F-007, Element #7', 'Assembly MTR-F-007, Element #8', 'Assembly MTR-F-007, Element #9', 'Assembly MTR-F-007, Element #10', 'Assembly MTR-F-007, Element #11', 'Assembly MTR-F-007, Element #12', 'Assembly MTR-F-007, Element #13', 'Assembly MTR-F-007, Element #14', 'Assembly MTR-F-007, Element #15', 'Assembly MTR-F-007, Element #16', 'Assembly MTR-F-007, Element #17', 'Assembly MTR-F-007, Element #18', 'Assembly MTR-F-008, Element #1', 'Assembly MTR-F-008, Element #2', 'Assembly MTR-F-008, Element #3', 'Assembly MTR-F-008, Element #4', 'Assembly MTR-F-008, Element #5', 'Assembly MTR-F-008, Element #6', 'Assembly MTR-F-008, Element #7', 'Assembly MTR-F-008, Element #8', 'Assembly MTR-F-008, Element #9', 'Assembly MTR-F-008, Element #10', 'Assembly MTR-F-008, Element #11', 'Assembly MTR-F-008, Element #12', 'Assembly MTR-F-008, Element #13', 'Assembly MTR-F-008, Element #14', 'Assembly MTR-F-008, Element #15', 'Assembly MTR-F-008, Element #16', 'Assembly MTR-F-008, Element #17', 'Assembly MTR-F-008, Element #18', 'Assembly MTR-F-009, Element #1', 'Assembly MTR-F-009, Element #2', 'Assembly MTR-F-009, Element #3', 'Assembly MTR-F-009, Element #4', 'Assembly MTR-F-009, Element #5', 'Assembly MTR-F-009, Element #6', 'Assembly MTR-F-009, Element #7', 'Assembly MTR-F-009, Element #8', 'Assembly MTR-F-009, Element #9', 'Assembly MTR-F-009, Element #10', 'Assembly MTR-F-009, Element #11', 'Assembly MTR-F-009, Element #12', 'Assembly MTR-F-009, Element #13', 'Assembly MTR-F-009, Element #14', 'Assembly MTR-F-009, Element #15', 'Assembly MTR-F-009, Element #16', 'Assembly MTR-F-009, Element #17', 'Assembly MTR-F-009, Element #18', 'Assembly MTR-F-010, Element #1', 'Assembly MTR-F-010, Element #2', 'Assembly MTR-F-010, Element #3', 'Assembly MTR-F-010, Element #4', 'Assembly MTR-F-010, Element #5', 'Assembly MTR-F-010, Element #6', 'Assembly MTR-F-010, Element #7', 'Assembly MTR-F-010, Element #8', 'Assembly MTR-F-010, Element #9', 'Assembly MTR-F-010, Element #10', 'Assembly MTR-F-010, Element #11', 'Assembly MTR-F-010, Element #12', 'Assembly MTR-F-010, Element #13', 'Assembly MTR-F-010, Element #14', 'Assembly MTR-F-010, Element #15', 'Assembly MTR-F-010, Element #16', 'Assembly MTR-F-010, Element #17', 'Assembly MTR-F-010, Element #18', 'Assembly MTR-F-012, Element #1', 'Assembly MTR-F-012, Element #2', 'Assembly MTR-F-012, Element #3', 'Assembly MTR-F-012, Element #4', 'Assembly MTR-F-012, Element #5', 'Assembly MTR-F-012, Element #6', 'Assembly MTR-F-012, Element #7', 'Assembly MTR-F-012, Element #8', 'Assembly MTR-F-012, Element #9', 'Assembly MTR-F-012, Element #10', 'Assembly MTR-F-012, Element #11', 'Assembly MTR-F-012, Element #12', 'Assembly MTR-F-012, Element #13', 'Assembly MTR-F-012, Element #14', 'Assembly MTR-F-012, Element #15', 'Assembly MTR-F-012, Element #16', 'Assembly MTR-F-012, Element #17', 'Assembly MTR-F-012, Element #18', 'Assembly MTR-F-013, Element #1', 'Assembly MTR-F-013, Element #2', 'Assembly MTR-F-013, Element #3', 'Assembly MTR-F-013, Element #4', 'Assembly MTR-F-013, Element #5', 'Assembly MTR-F-013, Element #6', 'Assembly MTR-F-013, Element #7', 'Assembly MTR-F-013, Element #8', 'Assembly MTR-F-013, Element #9', 'Assembly MTR-F-013, Element #10', 'Assembly MTR-F-013, Element #11', 'Assembly MTR-F-013, Element #12', 'Assembly MTR-F-013, Element #13', 'Assembly MTR-F-013, Element #14', 'Assembly MTR-F-013, Element #15', 'Assembly MTR-F-013, Element #16', 'Assembly MTR-F-013, Element #17', 'Assembly MTR-F-013, Element #18', 'Assembly MTR-F-014, Element #1', 'Assembly MTR-F-014, Element #2', 'Assembly MTR-F-014, Element #3', 'Assembly MTR-F-014, Element #4', 'Assembly MTR-F-014, Element #5', 'Assembly MTR-F-014, Element #6', 'Assembly MTR-F-014, Element #7', 'Assembly MTR-F-014, Element #8', 'Assembly MTR-F-014, Element #9', 'Assembly MTR-F-014, Element #10', 'Assembly MTR-F-014, Element #11', 'Assembly MTR-F-014, Element #12', 'Assembly MTR-F-014, Element #13', 'Assembly MTR-F-014, Element #14', 'Assembly MTR-F-014, Element #15', 'Assembly MTR-F-014, Element #16', 'Assembly MTR-F-014, Element #17', 'Assembly MTR-F-014, Element #18', 'Assembly MTR-HR-001, Element #1', 'Assembly MTR-HR-001, Element #2', 'Assembly MTR-HR-001, Element #3', 'Assembly MTR-HR-001, Element #4', 'Assembly MTR-HR-001, Element #5', 'Assembly MTR-HR-001, Element #6', 'Assembly MTR-HR-001, Element #7', 'Assembly MTR-HR-001, Element #8', 'Assembly MTR-HR-001, Element #9', 'Assembly MTR-HR-001, Element #10', 'Assembly MTR-HR-001, Element #11', 'Assembly MTR-HR-001, Element #12', 'Assembly MTR-HR-001, Element #13', 'Assembly MTR-HR-001, Element #14', 'Assembly MTR-HR-001, Element #15', 'Assembly MTR-HR-001, Element #16', 'Assembly MTR-HR-001, Element #17', 'Assembly MTR-HR-001, Element #18'])"
      ]
     },
     "execution_count": 10,
     "metadata": {},
     "output_type": "execute_result"
    }
   ],
   "source": [
    "# Get the keys from a dictionary.\n",
    "keys = tally_dfs.keys()\n",
    "# Check the keys.\n",
    "keys"
   ]
  },
  {
   "cell_type": "code",
   "execution_count": 17,
   "id": "07c99ee2",
   "metadata": {},
   "outputs": [
    {
     "data": {
      "text/plain": [
       "252"
      ]
     },
     "execution_count": 17,
     "metadata": {},
     "output_type": "execute_result"
    }
   ],
   "source": [
    "# Cycle through all keys in a dictionary.\n",
    "tallies_data = []\n",
    "for key in keys:\n",
    "    this_tally = tally_dfs[key]\n",
    "    tallies_data.append(this_tally)\n",
    "# Check to make sure all the tallies were pulled.\n",
    "len(tallies_data)"
   ]
  },
  {
   "cell_type": "code",
   "execution_count": 12,
   "id": "ca879b94",
   "metadata": {},
   "outputs": [
    {
     "data": {
      "text/plain": [
       "array([[2.00000e+01, 6.20595e-05, 7.70000e-03],\n",
       "       [6.43400e+00, 2.21995e-04, 3.90000e-03],\n",
       "       [4.30400e+00, 4.03066e-04, 3.00000e-03],\n",
       "       [3.00000e+00, 7.81542e-04, 2.10000e-03],\n",
       "       [1.85000e+00, 3.46500e-04, 3.20000e-03],\n",
       "       [1.50000e+00, 3.58204e-04, 3.10000e-03],\n",
       "       [1.20000e+00, 4.57929e-04, 2.80000e-03],\n",
       "       [8.61100e-01, 2.04040e-04, 3.80000e-03],\n",
       "       [7.50000e-01, 2.91654e-04, 3.30000e-03],\n",
       "       [6.00000e-01, 2.62472e-04, 3.50000e-03],\n",
       "       [4.70000e-01, 3.03122e-04, 3.20000e-03],\n",
       "       [3.30000e-01, 1.61084e-04, 4.20000e-03],\n",
       "       [2.70000e-01, 2.04052e-04, 3.70000e-03],\n",
       "       [2.00000e-01, 6.61394e-04, 2.10000e-03],\n",
       "       [5.00000e-02, 3.07537e-04, 3.00000e-03],\n",
       "       [2.00000e-02, 5.02355e-05, 7.60000e-03],\n",
       "       [1.70000e-02, 4.30194e-04, 2.50000e-03],\n",
       "       [3.74000e-03, 1.37404e-04, 4.30000e-03],\n",
       "       [2.25000e-03, 6.38476e-04, 2.10000e-03],\n",
       "       [1.91500e-04, 4.34920e-06, 2.47000e-02],\n",
       "       [1.87700e-04, 1.17143e-04, 4.70000e-03],\n",
       "       [1.17500e-04, 2.56036e-06, 2.65000e-02],\n",
       "       [1.16000e-04, 2.50740e-05, 9.60000e-03],\n",
       "       [1.05000e-04, 8.17041e-06, 1.63000e-02],\n",
       "       [1.01200e-04, 9.90313e-05, 5.00000e-03],\n",
       "       [6.75000e-05, 8.40235e-06, 1.55000e-02],\n",
       "       [6.50000e-05, 1.34720e-04, 4.40000e-03],\n",
       "       [3.71300e-05, 5.38126e-06, 1.72000e-02],\n",
       "       [3.60000e-05, 1.19146e-04, 4.80000e-03],\n",
       "       [2.17500e-05, 5.70478e-06, 1.75000e-02],\n",
       "       [2.12000e-05, 4.50408e-06, 1.63000e-02],\n",
       "       [2.05000e-05, 2.44141e-04, 3.20000e-03],\n",
       "       [7.00000e-06, 3.91189e-06, 2.24000e-02],\n",
       "       [6.87500e-06, 6.44562e-06, 1.45000e-02],\n",
       "       [6.50000e-06, 7.50582e-06, 1.48000e-02],\n",
       "       [6.25000e-06, 4.92792e-05, 6.80000e-03],\n",
       "       [5.00000e-06, 3.36415e-04, 2.80000e-03],\n",
       "       [1.13000e-06, 1.02810e-05, 1.39000e-02],\n",
       "       [1.08000e-06, 1.54169e-05, 1.17000e-02],\n",
       "       [1.01000e-06, 1.14821e-04, 4.70000e-03],\n",
       "       [6.25000e-07, 8.18277e-05, 5.40000e-03],\n",
       "       [4.50000e-07, 4.57938e-05, 6.80000e-03],\n",
       "       [3.75000e-07, 1.74301e-05, 1.13000e-02],\n",
       "       [3.50000e-07, 1.86136e-05, 1.07000e-02],\n",
       "       [3.25000e-07, 6.72793e-05, 5.40000e-03],\n",
       "       [2.50000e-07, 6.39567e-05, 5.70000e-03],\n",
       "       [2.00000e-07, 1.07334e-04, 4.40000e-03],\n",
       "       [1.50000e-07, 2.42034e-04, 2.90000e-03],\n",
       "       [1.00000e-07, 1.87772e-04, 3.10000e-03],\n",
       "       [8.00000e-08, 2.77827e-04, 2.50000e-03],\n",
       "       [6.00000e-08, 1.79991e-04, 3.00000e-03],\n",
       "       [5.00000e-08, 2.04437e-04, 2.80000e-03],\n",
       "       [4.00000e-08, 3.22713e-04, 2.30000e-03],\n",
       "       [2.53000e-08, 2.86419e-04, 2.50000e-03],\n",
       "       [1.00000e-08, 6.02335e-05, 4.70000e-03],\n",
       "       [4.00000e-09, 1.17768e-05, 9.20000e-03],\n",
       "       [1.00000e-11, 0.00000e+00, 0.00000e+00]])"
      ]
     },
     "execution_count": 12,
     "metadata": {},
     "output_type": "execute_result"
    }
   ],
   "source": [
    "# Convert a DataFrame to a numpy array.\n",
    "tally_np = tally_dfs['Assembly MTR-F-001, Element #1'].to_numpy()\n",
    "# Check it.\n",
    "tally_np"
   ]
  },
  {
   "cell_type": "code",
   "execution_count": 13,
   "id": "15237bef",
   "metadata": {},
   "outputs": [],
   "source": [
    "# Pull the energy 'column' from numpy.\n",
    "# Note that '.T' is a transpose operation.\n",
    "energies = tally_np.T[0]"
   ]
  },
  {
   "cell_type": "code",
   "execution_count": 14,
   "id": "dc23a361",
   "metadata": {},
   "outputs": [
    {
     "data": {
      "text/plain": [
       "array([2.000e+01, 6.434e+00, 4.304e+00, 3.000e+00, 1.850e+00, 1.500e+00,\n",
       "       1.200e+00, 8.611e-01, 7.500e-01, 6.000e-01, 4.700e-01, 3.300e-01,\n",
       "       2.700e-01, 2.000e-01, 5.000e-02, 2.000e-02, 1.700e-02, 3.740e-03,\n",
       "       2.250e-03, 1.915e-04, 1.877e-04, 1.175e-04, 1.160e-04, 1.050e-04,\n",
       "       1.012e-04, 6.750e-05, 6.500e-05, 3.713e-05, 3.600e-05, 2.175e-05,\n",
       "       2.120e-05, 2.050e-05, 7.000e-06, 6.875e-06, 6.500e-06, 6.250e-06,\n",
       "       5.000e-06, 1.130e-06, 1.080e-06, 1.010e-06, 6.250e-07, 4.500e-07,\n",
       "       3.750e-07, 3.500e-07, 3.250e-07, 2.500e-07, 2.000e-07, 1.500e-07,\n",
       "       1.000e-07, 8.000e-08, 6.000e-08, 5.000e-08, 4.000e-08, 2.530e-08,\n",
       "       1.000e-08, 4.000e-09, 1.000e-11])"
      ]
     },
     "execution_count": 14,
     "metadata": {},
     "output_type": "execute_result"
    }
   ],
   "source": [
    "# Pull the energy 'column' from the DataFrame as a numpy array.\n",
    "energies = tally_dfs['Assembly MTR-F-001, Element #1']['energy'].to_numpy()\n",
    "# Check it.\n",
    "energies"
   ]
  },
  {
   "cell_type": "code",
   "execution_count": null,
   "id": "003dcdd1",
   "metadata": {},
   "outputs": [
    {
     "data": {
      "text/plain": [
